DC_GAIN: 116.83422 dB
GBW: 108.39673M Hz
PHASE_MARGIN: 62.863199 deg
Vdc=1.8V Idc=-8.3647mA Power=15.0564mW
NOISE: 24.1525
AREA_TOTAL: 4540.4800 um2
