DC_GAIN: 116.83422 dB
GBW: 108.39673M Hz
PHASE_MARGIN: 62.863199 deg
